.Random.seed <-
c(403L, 10L, 1488732354L, -116120803L, 2045262231L, 87146750L, 
-1161809224L, -1899074405L, 52411129L, -1516032952L, -119419018L, 
-1933436239L, 88980195L, 158366130L, -482858492L, 1671381319L, 
249916445L, -1963728236L, -958543302L, -2113518459L, -1688241825L, 
-458360346L, -1138702224L, 1697274771L, 136563761L, 585056992L, 
1904644990L, 925649417L, -40517061L, 410565642L, 481174508L, 
-144291729L, 157034405L, 271134556L, 1220965170L, 2102278701L, 
673495271L, -1691411954L, -2011215896L, 774838763L, -759248247L, 
2094752280L, -1419589306L, -1941739615L, 2056809011L, -587970654L, 
116900500L, 1391925527L, -43677939L, -272417244L, -274389494L, 
-1918656651L, 1381133007L, -109023786L, 139501952L, -6325821L, 
544812897L, -517237296L, -1530985170L, 496071897L, -1952575765L, 
147401562L, 1776241948L, 20876319L, -1979862923L, 915451148L, 
1577484514L, -171865667L, -1440756169L, -1846549282L, 1323491352L, 
125722491L, 321748761L, -580942936L, 833876822L, -2061194287L, 
926105475L, -2055452142L, 1352662436L, -1270560409L, 1694586557L, 
656866868L, -1042422374L, -520207899L, -1850741377L, 841975046L, 
317496976L, 673453875L, 1021535441L, 1808146048L, -2060327074L, 
-1945320279L, -1425197221L, 692948330L, -541294580L, 2001893455L, 
-1813778171L, 894781884L, 666016914L, -1084692595L, 990142407L, 
-736475986L, -913447672L, -432516341L, 1229274601L, -382629192L, 
-681439898L, -698972671L, -425987949L, 1553894210L, -1377614604L, 
-899174153L, -2019858195L, 646007684L, -437664342L, 880597781L, 
-1153431121L, 519113142L, -2011598880L, 1577942819L, -1564299199L, 
-171250896L, 12165454L, 790778809L, -96827957L, 1255061114L, 
737901436L, -1856547905L, 1711832213L, 1085276844L, -1707335550L, 
-625233827L, 803440471L, -1047938498L, -507818376L, -2087654053L, 
1231674553L, 1444328712L, -907987018L, 2127879409L, -405538013L, 
752713074L, -1534502972L, -21515385L, 401334621L, -51372204L, 
-1723800198L, 1847337157L, 732652063L, 702899622L, 69912368L, 
1333153235L, 667991025L, -2092204768L, 790387646L, -81341495L, 
612443003L, -258850486L, -895693396L, 1037662383L, -1464221083L, 
710015516L, -1686473614L, 1127066349L, 1173042983L, 1847325518L, 
-2132509784L, 1488027563L, -902820663L, -288285480L, -1350442618L, 
1687926881L, 765966835L, -1262065566L, 1453661908L, -1430075433L, 
1689753037L, -150441628L, 1035220298L, -1121897291L, -704293873L, 
-1533072106L, 1969215424L, 1865122691L, -665882207L, -144679536L, 
1289383534L, 166582297L, -1577122645L, 352295066L, -330971044L, 
-833059489L, -1057370315L, 940376780L, -1101152222L, -480212355L, 
1183391607L, 1776767134L, -1443344552L, -1433855301L, -853416871L, 
726663144L, -413881834L, 1734978961L, -1346587069L, 462882130L, 
-1086608924L, 736757799L, 1316082813L, -2052761228L, -1287613094L, 
768140197L, -1325558849L, 1870716998L, -81891632L, -519972621L, 
1767829009L, -706234304L, -687297506L, -184481047L, -317968357L, 
-47548374L, 1525312332L, 2046511375L, 1401601093L, -1144570372L, 
-836883374L, -449696307L, -1855049849L, 1660547692L, 1183611028L, 
280912210L, -917149984L, -2118664500L, 714571936L, 467453826L, 
63842024L, -779116820L, 215777340L, 611659378L, -569140112L, 
-1218772444L, -33083336L, 226875418L, 1113642704L, -985834436L, 
57836692L, -2056247166L, 424447936L, -1989654212L, -422670704L, 
2121631778L, -1823766520L, 1077722252L, -664972260L, -1047657838L, 
-891629440L, 1039557652L, 423608616L, 751598138L, -1881500464L, 
690535532L, -127443276L, 989964306L, 94875616L, -823759924L, 
-540178976L, -970982878L, -2132511448L, -1570050804L, 1559037500L, 
2128615666L, 1626621680L, 208674628L, -1189116328L, -1293587910L, 
1430998768L, -1740572484L, 1521728020L, 1297841346L, 1190825056L, 
1632087420L, 1183709392L, 456453154L, 1263658664L, -1362973812L, 
-205728324L, -1748097998L, -1191588032L, 451945652L, -691331256L, 
-1225370950L, -700432624L, 1889387756L, 336661588L, -1626132718L, 
184778656L, 1366115276L, -346219680L, 1464337602L, 1816034856L, 
856931756L, 293071676L, 959928178L, 1203355440L, 1702073892L, 
1980492856L, 896264410L, -240976496L, -845571332L, 894354324L, 
-1385291966L, -1711397376L, 1130163772L, -1585294768L, 145931938L, 
-623350968L, -1033608692L, 1771477212L, -816080302L, -1652672384L, 
-486481068L, -110768664L, -2049634566L, -111932592L, 1808108588L, 
832592244L, 287151762L, 36077152L, -341109108L, 941774688L, 1486447330L, 
762286248L, -662643508L, 1102033404L, -453802062L, -1220335120L, 
-182479420L, 959312728L, -151957638L, -502094416L, -1648247364L, 
-1813828524L, -299503678L, -230443232L, -820395076L, -1750892976L, 
-1662240286L, 489039208L, 1280578892L, -699015940L, -2122202382L, 
-1928795392L, 1888505460L, 1405959176L, 257280442L, -824914992L, 
-1483598356L, 1897291668L, 2092191442L, 1686907488L, -1072671412L, 
1526870304L, 1169688194L, -918174232L, -1986356244L, -1325401540L, 
-874289550L, -840311952L, -2001970908L, 1844529720L, 1411434906L, 
644902352L, -771936836L, -1662696300L, 648777858L, -665020992L, 
316213052L, -1752983408L, 2088725282L, 812917256L, 2062442764L, 
948464028L, 1955125778L, 2055929728L, -1472523500L, -1046120152L, 
-193609670L, -561843248L, -2129213844L, -99536332L, 305780370L, 
-1675973280L, -403938996L, -1006185504L, -1591615070L, 1678582184L, 
-711508340L, -1321396804L, 1984914034L, 1708166128L, 192166468L, 
271573080L, 1517179962L, 187702384L, 1552172092L, 1596611860L, 
-610647358L, 1858942688L, 808090748L, -225697072L, -303119966L, 
1980101672L, 1070954252L, -802806340L, -1255028942L, -521318720L, 
-140793804L, 724586184L, -97244998L, -1841954160L, -293386516L, 
1873826388L, 572395154L, -97970912L, -1731084852L, 33386208L, 
-2058781502L, -698721240L, -1623931988L, -903084356L, -945715214L, 
-1912049104L, -313082972L, -278501960L, 1905272666L, 146954384L, 
-1980962948L, -2067200748L, -1213087422L, -1109779200L, -1217658436L, 
247389520L, 864995618L, 2100359752L, -570885108L, 714781276L, 
-291924526L, 975912448L, 479252820L, -2061384472L, 539351290L, 
1386205904L, -1422811348L, 452246772L, -1109494382L, -334401182L, 
1919998672L, -1384532487L, -1342915285L, 456023708L, 663997642L, 
-1301748289L, 1855437065L, 893606430L, 683169740L, -422214243L, 
-1807998937L, 1064472144L, -1705313554L, -105700453L, 846492157L, 
671204586L, 1487179656L, 1751894321L, 1498134947L, 1233939876L, 
-1131458478L, -626261081L, -2002708495L, -1110527178L, -810172460L, 
2109949285L, -1754879633L, -1192029272L, 1756625158L, -1315596237L, 
-1494208875L, -321804558L, -452233408L, -1782848343L, 674109723L, 
2070126316L, -1067252998L, 1571801903L, -825339079L, 1520567630L, 
952726428L, -1490814707L, 1744526199L, -598134912L, -93323810L, 
1496539819L, 1364155821L, 2127852058L, 1128252632L, -1024579263L, 
1189630451L, -1717438444L, 1965178274L, -1811563849L, 1745376385L, 
952280198L, -936894268L, 854670837L, -1917261729L, -1732283720L, 
-253031530L, 1382226339L, -1890448027L, -620614526L, 527795696L, 
37229465L, 1643074955L, -1895235460L, -2057960790L, -960733985L, 
1596242537L, -423856002L, 1231028332L, -850028355L, 1115007367L, 
-1539875472L, 622553102L, -1287273157L, -192648675L, 2042080970L, 
349112808L, 47570641L, -2109654333L, -1827229244L, -563849614L, 
-869071033L, -4802799L, 1814243990L, 998002676L, 2087745925L, 
-1040755505L, 2060643784L, -1334672282L, 1663935123L, -1205417483L, 
-1918893102L, 1685166112L, -385338871L, 280185659L, 1479540364L, 
870601498L, -1043065457L, 668527321L, 1629332846L, 1023707388L, 
2113573485L, -1930326505L, 1684605920L, 491001790L, 27788683L, 
-644180467L, 245762618L, -700267912L, 516074017L, -1953217325L, 
727041012L, -365697918L, 2057186583L, 1854946273L, -1817129690L, 
-486323164L, 1947043541L, -689331585L, -465915112L, 1699801654L, 
-1059140413L, -1551064827L, 110491810L, 2022280848L, -970495431L, 
1524429547L, 56595420L, 2039051786L, -536893185L, -1060532919L, 
1563786974L, -189422452L, 1206326365L, -907605401L, 1077310352L, 
1935267758L, -139151781L, 323258941L, 2078563498L, -1858228920L, 
